time;robot_x;robot_y
0.004000000000000448;0.5005570841023744;0.5006990274843737
0.33999999999999986;0.5097456381352015;0.5007117124582774
0.6230000000000002;0.5641113496893614;0.5005699532379588
0.9110000000000005;0.6613092494429742;0.5000229345491424
1.2189999999999994;0.8075422176296704;0.4976720156684207
2.258000000000001;1.3269982835103513;0.4862876663714247
2.574;1.485468010889357;0.48225545999720876
2.8640000000000008;1.629934991056312;0.47835671614940534
3.146000000000001;1.7713973404272916;0.47431499969471097
3.436;1.9163789120386794;0.46997653744116885
3.7620000000000005;2.0792975062457923;0.46482037722905767
4.061999999999999;2.22876549841745;0.4598491315138673
4.329000000000001;2.362199825297996;0.45522456542816325
4.632;2.51415126167953;0.44977751736333804
4.915000000000001;2.6550871943780834;0.44452281347446004
5.204000000000001;2.7999713206654158;0.4389068814273286
5.507;2.9509330360246215;0.4328602576128284
5.8309999999999995;3.112803254265617;0.42613757015218695
6.154;3.274190401750247;0.4191813518255167
6.445;3.4200243728610125;0.4126324818686639
6.752000000000001;3.5734020596830307;0.4055483175986783
7.055;3.7242190614236748;0.3983636516764332
7.379;3.8866081244971387;0.3904207978784768
7.688000000000001;4.0404069909609746;0.38265969151289353
7.970000000000001;4.1812706051445465;0.3753603567231027
8.251;4.322052318186181;0.36786458645579323
8.572000000000001;4.481846157435608;0.35911529117286933
9.532;4.961027930162771;0.3312144282863472
9.86;5.125274521560899;0.3211237083291008
10.168;5.27844222275004;0.3114917715770019
10.460999999999999;5.424672525624982;0.3020852094642488
10.751000000000001;5.569863163038862;0.2925483802685411
11.035;5.711081830571936;0.2830710308748507
11.324000000000002;5.855320779256876;0.27322964248104237
11.617999999999999;6.001984491423626;0.2630161700586021
11.896;6.140684101547207;0.2531969824759049
12.190000000000001;6.287318732159964;0.2426439575417473
12.489999999999998;6.436919062576615;0.2316354201944087
12.797;6.589920997975002;0.22016746255505223
13.108;6.705874935942053;0.2104376371837543
13.303;6.759507310292178;0.20367511296602128
13.504999999999999;6.798765757220216;0.19478889252881088
13.776;6.8311417707852256;0.17944025741093142
14.132000000000001;6.837709626756572;0.17541579053476425
14.48;6.835413714671184;0.17607094262004025
14.791;6.8326850044351515;0.17604677752806158
15.062000000000001;6.830666780875564;0.17569083589190632
15.378;6.828981074688525;0.17494891292364462
15.721;6.827163625947468;0.17347940308695445
16.051000000000002;6.82582328575557;0.1716350088641781
16.339;6.825085697668051;0.16970564085847462
16.601;6.824744386311318;0.16779360373624494
16.868;6.82254904655202;0.18452282086928065
17.095;6.810797511556838;0.2306763268980868
17.328;6.781856204332242;0.3000314538656923
17.519;6.739394216566348;0.3687709200138039
17.751;6.671398055576393;0.45932259566374256
18.049;6.581114073524466;0.5778179645060764
18.359;6.487222574034583;0.7011550000378711
18.648;6.399737756852383;0.8161550279540667
18.948;6.308650020835576;0.9359522508986127
19.28;6.208211591485627;1.0680717274701619
19.586;6.115938551103666;1.1894853420120182
19.869;6.030034066737724;1.302572118474322
20.18;5.9362939125556275;1.4259598441737789
20.496;5.8406996199507555;1.551770026101553
20.79;5.751779366706904;1.6687922669504862
21.101;5.657700539978174;1.7926234242180357
21.403;5.5663994765951115;1.9128583331972053
21.688;5.479914036271556;2.0267486973767204
21.981;5.391352503669581;2.143406471079219
22.292;5.2976561836068665;2.266859387548338
22.63;5.195534210738984;2.4014720912605254
22.917;5.108513524216543;2.516232890731811
23.842;4.829405708974801;2.88434699541538
24.777;4.546464059534358;3.2571027791002103
25.624000000000002;4.290434228477847;3.5944251066494677
25.909999999999997;4.204025710682697;3.7083366139670697
26.211;4.113371189254128;3.827846426483897
26.503999999999998;4.024548127646364;3.9449657122699566
26.770000000000003;3.944516304122453;4.050540289859045
27.033;3.865083768502821;4.155311975908512
27.32;3.778070182081456;4.270075685231097
27.612000000000002;3.6902058187512448;4.385991258489887
27.896;3.604155308673148;4.499573125148129
28.189999999999998;3.5157194926565785;4.616322206456372
28.509999999999998;3.4188164879805294;4.744264599186572
28.792;3.333986463370497;4.856266472268691
29.113999999999997;3.236500501019776;4.98496945519221
29.395000000000003;3.151959114916602;5.096560958599707
29.664;3.0707654523426666;5.203728563046195
29.969;2.9783797680360333;5.325639914797437
30.246000000000002;2.8950311567244342;5.435646166589042
30.526000000000003;2.810525748144131;5.547221076946753
30.813000000000002;2.7235904713858385;5.662012064780003
31.119;2.6355345430848716;5.77754846646664
31.421;2.5808351704726022;5.84736879348716
31.773000000000003;2.5708484412726094;5.859551454387696
32.039;2.572784128184219;5.85819328612181
32.3;2.574469533428419;5.857431919000277
32.575;2.5748921966093525;5.857250933212879
32.87;2.5750401271953347;5.857021215028561
33.097;2.5572948360937025;5.8518579669090665
33.35;2.511574967722347;5.828964368334237
33.562;2.457199673756976;5.788455127990293
33.814;2.3939335773321444;5.731462870162112
34.07;2.3583322972252567;5.698247970440911
34.34;2.3564453703978105;5.696198618838492
34.579;2.357040846931979;5.697242869982643
34.878;2.35725863798888;5.697883273914325
35.165;2.357390392979873;5.6997881950876845
35.434;2.356968450487867;5.702494839299923
35.715;2.3562691143338492;5.704368289797002
35.978;2.3553015684753777;5.70589197720013
36.229;2.372595763938924;5.690746374197805
36.47;2.4169459295918534;5.66041280315696
36.69;2.482913699617551;5.624705310477106
36.953;2.592464019467543;5.575913544928734
37.221000000000004;2.715705350632298;5.5234429221775905
37.517;2.851799264746377;5.46536512596093
37.792;2.9786810580749035;5.411096040034307
38.051;3.0977142823428876;5.360106225905087
38.305;3.214442294492852;5.310008142201273
38.602;3.3503773244106587;5.25154734095301
38.869;3.472963861375918;5.198704469942092
39.172;3.61202583464574;5.1386294471765614
39.976;3.980766834000743;4.978598803316882
40.279;4.119665809208327;4.918064090310386
40.58;4.257578499081954;4.857809465586312
40.877;4.394053924509742;4.798050355678811
41.157000000000004;4.522227503210673;4.74178051224911
41.435;4.649472601588845;4.68580247778092
41.715;4.777092019969502;4.629520058789207
42.04;4.9257114321312105;4.563833175703809
42.329;5.0578400990156815;4.505310940501942
42.606;5.1848836338769795;4.448906895912758
42.87;5.3050051594677194;4.395466166920113
43.888;5.769545159480118;4.1876589951579355
44.154;5.891270608763237;4.132894444405305
44.459;6.029798897539344;4.070418752705192
44.729;6.1528363923664;4.014798239287099
45.033;6.291729938035777;3.9518841390456396
45.303;6.414192668096934;3.8962732302357357
45.568;6.535726375943057;3.840988848489111
45.853;6.664926006375926;3.7820930644277904
46.152;6.780736688981768;3.7312894431788513
46.427;6.839141872955009;3.70559676390078
46.699;6.845712115276103;3.701892347066493
46.95;6.847015269605334;3.700647280183308
47.211;6.848079093874065;3.699097796929559
47.434;6.848724399267506;3.69744749758479
47.723;6.849188806541494;3.695596842260296
48.007;6.849216832479974;3.6936302155829415
48.302;6.8487782262598715;3.691621754173215
48.592;6.847723950293807;3.6894884615254435
48.897;6.827760393976459;3.661534982982968
49.158;6.7865862062039755;3.6097786894233237
49.449;6.718165119912322;3.535659332551886
49.732;6.6792065189086465;3.494482079518501
50.03;6.662244301170516;3.485431619540817
50.343;6.660094288590765;3.4851800232385926
50.613;6.651543071710793;3.4867084796773087
50.857;6.614168178228201;3.500489440228679
51.105;6.552837285643535;3.5368985081695667
51.379;6.474198129066927;3.6164549232143637
51.652;6.3970903676066815;3.724312132081064
51.91;6.3233437688297425;3.8301511513730193
52.178;6.246734200673242;3.9401268234908398
52.456;6.1672883399462854;4.054151911294726
52.759;6.080678453575103;4.178456625950899
53.034;6.002087371918133;4.291292367289595
53.299;5.926069383458219;4.400417960099436
53.541;5.8571929185538805;4.499308942621453
53.8;5.783186829186113;4.6055571674538545
54.074;5.704886586112221;4.71796980125865
54.339;5.629165511029693;4.826693413605198
54.604;5.553469095491455;4.935413494224719
54.892;5.471217377629952;5.053589147815495
55.194;5.384697333204433;5.177927265889517
55.464;5.307594357612783;5.288742997338816
55.724;5.233355004138953;5.395482689115087
55.974;5.162269897096902;5.497682662803915
56.265;5.079174523745845;5.617109146099777
56.554;4.9966518056617355;5.735717652929043
56.836;4.92429174391138;5.8341905544096875
57.111;4.8806344503359895;5.892066520659373
57.32899999999999;4.861688381400266;5.907897293358029
57.563;4.859907209477146;5.905302156858888
57.834;4.860761923937278;5.9048973224159225
58.135999999999996;4.862703662109211;5.904627331240549
58.373000000000005;4.8537841578180645;5.903199965146536
58.613;4.821603667139982;5.894812463678927
58.854;4.761494854583455;5.872058390007406
59.114999999999995;4.679785562647632;5.828674894453906
59.315;4.628914512288974;5.800221887431477
59.556;4.601521970628495;5.784414193641047
59.786;4.596008859187317;5.780978249107018
60.087;4.59381511545846;5.779132592091999
60.369;4.595026476457215;5.780543605893358
60.625;4.5959701893648255;5.782349817684009
60.902;4.596565562157711;5.784342603425793
61.17700000000001;4.596702091805949;5.786318102615586
61.373000000000005;4.5965396128807265;5.787584561062365
61.635999999999996;4.596251801892252;5.788735318537436
61.858999999999995;4.598554326517213;5.785285119252195
62.123000000000005;4.6192922388256275;5.762374758623583
62.376999999999995;4.668157067155373;5.721898089796765
62.596999999999994;4.736970792906214;5.678440586057259
62.846999999999994;4.842806897346063;5.624582636283631
63.135000000000005;4.972004315548849;5.5608879662788375
63.42400000000001;5.1015482661482;5.496915495988524
63.693;5.2221302389228255;5.437272814274121
63.961;5.342205256751484;5.377766918348066
64.209;5.453751735368483;5.322387560925225
64.464;5.567454516400388;5.2658407807281895
64.745;5.693223416569316;5.203201170529893
65.031;5.8212050920754645;5.139336853985191
65.265;5.925864446424551;5.086994165429193
65.51;6.035836675879463;5.031902828465974
65.78;6.157407191201441;4.970876113524715
66.058;6.280733750164535;4.908861174565486
66.311;6.393265658977067;4.852167097953693
66.545;6.497724874250288;4.799444342186672
66.808;6.615094899356276;4.740097910881956
67.083;6.726039106424479;4.684319267802703
67.36;6.795906103125372;4.648650330950598
67.641;6.832679348150789;4.62167641540386
67.929;6.835757955270028;4.618241683916336
68.259;6.836720606654461;4.616128851614802
68.547;6.8371000278661125;4.614103054696053
68.798;6.837045813049292;4.612309426764919
69.091;6.836771651314614;4.611085900118634
69.384;6.835797795893652;4.609132166234831
69.654;6.816413895105451;4.585638550750352
69.909;6.765733417956085;4.550670114681615
70.177;6.676752284777156;4.52120447660067
70.51;6.603294267258127;4.5069047306160135
70.813;6.578750930929641;4.4986642252295495
71.152;6.5752198890644085;4.497677030854286
71.472;6.569486264050314;4.498146831710224
71.731;6.526964501609324;4.5056418973842245
71.969;6.459832441239777;4.524215272905028
72.196;6.374503676093511;4.561506951141989
72.468;6.261963417246671;4.630047838931541
72.764;6.13674328580264;4.708912914787769
73.037;6.020878259530102;4.781981771173728
73.308;5.906285449040499;4.8543263450402465
73.586;5.789228017213378;4.928300032913591
73.824;5.688692698457818;4.991894831925865
74.095;5.57419799878771;5.064387031056943
74.404;5.44325262221809;5.147359118758683
74.668;5.332224685722562;5.217790148878929
74.918;5.226295087465199;5.285060827953933
75.179;5.1161532560290714;5.355090978503038
75.451;5.001422835737927;5.428110486408824
75.718;4.889271815776349;5.49955969083752
75.981;4.777970253863568;5.570517816270565
76.268;4.657430374055551;5.647438080198436
76.528;4.547907390455786;5.717426825377781
76.835;4.436137156069064;5.786501812793628
77.15;4.385366226027637;5.818181006567243
77.421;4.384410706393717;5.818821662255245
77.706;4.386619595853438;5.818258628128736
77.932;4.387636414082203;5.8181835170014295
78.18;4.374834515454942;5.814469854578531
78.389;4.341053735494939;5.796767005232967
78.577;4.299627320038559;5.763243255579536
78.753;4.258360766441942;5.713811786561368
79.023;4.213472114888695;5.64941473212856
79.288;4.198758272445005;5.618435243895207
79.56;4.198468770519984;5.617447703082657
79.847;4.1982753801333015;5.6194714995158686
80.128;4.197663879925043;5.621356692029615
80.352;4.1970502628072;5.622510176103129
80.596;4.196424442208202;5.623322083416689
80.845;4.199043936568911;5.621605605173394
81.094;4.226548612699371;5.607240297582488
81.298;4.272669310960679;5.590495846601313
81.497;4.339108122583278;5.573181441411469
81.644;4.401430216162919;5.560338788005732
81.797;4.47605526601249;5.546447626788696
81.974;4.563043678988363;5.530157800286151
82.147;4.648029231587433;5.514178609170934
82.352;4.748754335713594;5.495149236618435
82.523;4.833248783851732;5.479139910714689
82.714;4.9265874470710775;5.461383358562945
82.931;5.033640389671682;5.440925444578796
83.147;5.139210782080348;5.420640904500338
83.359;5.244271141750221;5.40035023235928
83.568;5.345856262800037;5.380622639052435
83.778;5.449408485335006;5.360422327542331
84.009;5.562757857919511;5.3382173880565835
84.263;5.686853226078386;5.313775028867594
84.527;5.81681563353952;5.28803222344489
84.758;5.92961676317796;5.265572597881647
84.994;6.045804410789074;5.242348951429782
85.218;6.1555978812021275;5.220288131007942
85.476;6.281582273676133;5.194845440112748
85.752;6.416775903698523;5.167380144429907
86.019;6.547550301960554;5.140616758383571
86.289;6.678023332184162;5.113970560592507
86.562;6.772753193936025;5.0927607008189435
86.845;6.8284798919890095;5.083669278496464
87.131;6.857229364713569;5.085106717724652
87.386;6.860702869588392;5.08520724849802
87.781;6.863348665632671;5.084482788741226
87.97;6.864523103629553;5.083848865612817
88.149;6.8655452647623045;5.083080712222221
88.311;6.8665231925060475;5.0821176400859605
88.53;6.867725128230752;5.080577913348435
88.684;6.868170602468425;5.079816303217256
88.909;6.868520605811032;5.078895714447583
89.103;6.868794215849153;5.07760815958798
89.295;6.8688677854169455;5.07629050180273
89.49;6.86874184223764;5.0749257318476575
89.686;6.867525035433237;5.070747648072602
89.89;6.856611845891726;5.045166084520266
90.078;6.836340032864874;5.00668080986312
90.274;6.79996867541356;4.954142835939261
90.529;6.743900861863212;4.8883591904817285
90.788;6.721390494806976;4.856958432184883
91.03;6.717953921912537;4.8518665740537
91.207;6.717420055204374;4.85137355950348
91.455;6.7158890334411385;4.85021229866459
91.695;6.714379636625652;4.849468166624585
91.956;6.712601716398666;4.848993527619173
92.198;6.710882698685759;4.848884462392805
92.43900000000001;6.6988032979265215;4.850611354718663
92.673;6.660539710828172;4.857047692545367
92.906;6.594684435457141;4.872645413419338
93.144;6.504362730458489;4.906778164540192
93.397;6.398340457928097;4.96209805351543
93.668;6.276034785125435;5.028096840895525
93.903;6.173092086975145;5.083731685871883
94.103;6.0851530255296735;5.131336191678587
94.338;5.981837051388005;5.18735269086028
94.562;5.883389766585742;5.24079560855081
94.78;5.78718321560718;5.2930857197163315
95.02;5.681339811781089;5.350686958730438
95.244;5.583876662726969;5.403804632368839
95.428;5.5031212111520915;5.447887125174658
95.622;5.4175694090541695;5.49465097688383
95.816;5.3324923049586435;5.541213558685581
96.021;5.24303392184116;5.590233723529674
96.206;5.16194347067681;5.634721069300982
96.377;5.086562890838526;5.676124389094336
96.56400000000001;5.005077360002551;5.720913189550426
96.777;4.920386985499005;5.769265362204333
97.016;4.857246163899633;5.8060305200836115
97.264;4.828194031161011;5.825227063172929
97.506;4.823039332415144;5.829232351212995
97.719;4.824315135131397;5.828501777959836
97.96;4.826227714160269;5.827842188052711
98.229;4.828152668930593;5.827564279846975
98.483;4.820556744451958;5.826080126966067
98.701;4.784263376368869;5.814510068110475
98.882;4.7392338252896735;5.793429631381177
99.072;4.67953176052309;5.753961344911572
99.229;4.637435223786381;5.720542880336294
99.482;4.599583027955699;5.688105673637675
99.704;4.589102921844871;5.674344559745888
99.992;4.587698154947104;5.670802791366742
100.262;4.587828903650832;5.672714678061064
100.49;4.587628443804629;5.67420560351586
100.658;4.587376897988709;5.675159171031715
100.93;4.586849962554693;5.676321320211112
101.182;4.589362983695941;5.673551084219109
101.408;4.606770961349522;5.656375329007585
101.623;4.643376350946225;5.62586081848645
101.859;4.707991711986351;5.58004552741897
102.074;4.790087832131533;5.52888797290364
102.309;4.891294960191885;5.468447651263093
102.569;5.002861556935369;5.401742917628383
102.81;5.105819810301051;5.3401150213446025
103.054;5.210461462573504;5.277372958586535
103.276;5.306047626534639;5.219995990506468
103.558;5.426401896454195;5.147603062452337
103.839;5.546745876776685;5.075089432064308
104.121;5.6678693151371355;5.001975073883314
104.381;5.778659189934031;4.9349586656627915
104.642;5.890279783467524;4.867323194853193
104.898;6.000135707926177;4.800683498264797
105.186;6.123157305131605;4.725917807503567
105.421;6.223109750875832;4.665094401589305
105.714;6.348242544708667;4.588864735312108
105.989;6.465620380260978;4.517272614898281
106.292;6.5949060386066165;4.4382942287733655
106.531;6.697268967872389;4.375682643893909
107.221;6.894099284992685;4.246583991247755
107.373;6.91447504508688;4.231145357629369
107.56400000000001;6.9295503802630805;4.221052644567218
107.807;6.931452563337439;4.220114982363126
108.059;6.925412027060281;4.223455350961042
108.287;6.920410428336188;4.226862913813087
108.463;6.916874915486767;4.229728891035931
108.633;6.913736025899618;4.232711704273649
108.887;6.9098490124119865;4.2370613574877805
109.128;6.906811011587235;4.238065368033803
109.339;6.905225406694114;4.238840303146021
109.566;6.905437467783834;4.237306628645177
109.811;6.905638748727286;4.235567436298907
110.044;6.905519883750396;4.233889452035281
110.239;6.904622868561706;4.233695614214554
110.455;6.901568075056024;4.237503377230058
110.692;6.900016294743223;4.236563684951943
110.915;6.897119352990294;4.228778008923355
111.147;6.893268100926046;4.219805545683998
111.346;6.891800882419005;4.216970135023334
111.535;6.891661718129687;4.2172259096789
111.687;6.891369543478584;4.2177715752217715
111.859;6.890338638735314;4.219712144170144
112.042;6.888039590219313;4.224249752171775
112.192;6.886312803052413;4.227498048779148
112.394;6.881021012743375;4.220473086155789
112.592;6.860918584257406;4.1952137015854545
112.838;6.814116314100232;4.1478671635793365
113.085;6.740202442068278;4.091197685369067
113.379;6.683000652415803;4.051927821557661
113.627;6.6564244673329505;4.039517094436097
113.887;6.650858359461795;4.038592453633427
114.093;6.642637467533936;4.03948720580823
114.263;6.61412329936157;4.045122544498202
114.43900000000001;6.573562477960079;4.0574432545846575
114.641;6.510305399082287;4.086012410807701
114.808;6.450730392839151;4.124994114499009
115.007;6.3788734319073725;4.186068036147106
115.212;6.302327061082042;4.2542377933979765
115.427;6.222095420272094;4.325761674403192
115.636;6.144123672153419;4.395338330347318
115.81;6.079243175101393;4.453254541029653
116.042;5.992397926690529;4.53086297156869
116.243;5.91749386689462;4.597847099939199
116.423;5.850425836100745;4.6578581039391045
116.614;5.778891035557683;4.7218859062896685
116.828;5.6995720453334675;4.7929212502337535
117.032;5.623624084291902;4.860973454209321
117.255;5.540999636989675;4.9350746809848
117.534;5.436811527239067;5.028590949734504
117.829;5.327474486098017;5.126834997642822
118.079;5.234538090657004;5.210426710577307
118.332;5.140129962671308;5.295353165237032
118.551;5.0591208775567935;5.368274416367342
118.803;4.965539122036956;5.452621126448056
119.028;4.882011796622985;5.527963649359035
119.245;4.8011013139977505;5.601000621410426
119.52;4.69947478259181;5.692807277983411
119.81;4.603776786041111;5.777918760278569
120.06400000000001;4.558811615049357;5.817940757447538
120.338;4.551066929422393;5.824377634130484
120.571;4.552888374889738;5.8234462307182735
120.815;4.5545925126992595;5.8229166860094805
121.062;4.555739872122969;5.822753823063716
121.28500000000001;4.549106158431041;5.821321360880886
121.478;4.523530211410034;5.810427587272208
121.692;4.4801814554205235;5.781164854958486
121.861;4.439646201547963;5.740376328319404
122.01199999999999;4.4061041104285765;5.698999386709891
122.264;4.371885461799628;5.655908748031316
122.473;4.364568024679315;5.640852919873096
122.677;4.364421678495198;5.640366675926497
122.913;4.364425037646906;5.642004138047753
123.135;4.364166623860778;5.643427860689735
123.37400000000001;4.363877882897908;5.644382049730397
123.628;4.363065552293962;5.645776402787732
123.85199999999999;4.362551293826911;5.646480905605225
124.07199999999999;4.373003947023198;5.637367414718024
124.31500000000001;4.4093308754763445;5.610694207491862
124.538;4.464059879353021;5.575853194389106
124.754;4.53993523000179;5.531498362402534
124.97600000000001;4.636058684110733;5.477269703085033
125.236;4.7487996008924585;5.413538115307459
125.473;4.852362054619582;5.354912972983515
125.784;4.987202630253651;5.278451432592601
126.07600000000001;5.114563877460346;5.206113480356028
126.33800000000001;5.228414977373772;5.141318256879677
126.574;5.330937228036099;5.082890490010877
126.83999999999999;5.446440825871725;5.016970056907337
127.10600000000001;5.561469118203917;4.951197329332738
127.336;5.661696590974609;4.89382343960699
127.545;5.75237298172158;4.8418550222314805
127.754;5.843012130752163;4.789833011988865
127.98;5.940560381235461;4.733796495926688
128.24200000000002;6.0541077245971575;4.668471364004705
128.457;6.147696452018789;4.614561221732438
128.721;6.261595217756147;4.548871785051426
128.966;6.3676769005974405;4.487607528763007
129.166;6.454675151288808;4.437310901531602
129.36900000000003;6.5420910131464005;4.386713531631101
129.615;6.648301100948732;4.325220051942244
129.86900000000003;6.732879811132036;4.2745972244724495
130.099;6.779765859483588;4.247723819522898
130.327;6.814597198216577;4.238033898105581
130.606;6.842053897842289;4.23677064498909
130.825;6.8453893784416096;4.236598683070345
131.04399999999998;6.846836052639969;4.236221256648249
131.29399999999998;6.848437524649504;4.235468794484106
131.55599999999998;6.849923507687124;4.234354867407736
131.77999999999997;6.851088486336983;4.233061670718722
132.05700000000002;6.852426888617029;4.230968129492978
132.31799999999998;6.8529080203640635;4.229668183184295
132.591;6.853163821170656;4.227832669738917
132.83800000000002;6.853053885613161;4.226127861964453
133.05599999999998;6.852670539357486;4.224625165293407
133.29500000000002;6.851960858592339;4.223084799211863
133.50599999999997;6.848676947195996;4.218652378842847
133.74099999999999;6.829332012720625;4.197538696203505
133.96800000000002;6.789205807199099;4.160885743173205
134.21499999999997;6.7180771931922925;4.109523218923312
134.485;6.649169801296958;4.070133093215063
134.777;6.625715656767526;4.059264500900656
135.03699999999998;6.623673946293548;4.058602351445165
135.317;6.62166233363759;4.058410077000265
135.55;6.616749889900878;4.059078248332443
135.76299999999998;6.5856588953073745;4.065218333743793
136.003;6.524168912984922;4.083307224746864
136.243;6.4398589708514296;4.122328021406723
136.48899999999998;6.34378798678071;4.187773000763323
136.78500000000003;6.22410057415948;4.274828484091058
137.022;6.128312341412802;4.3445794045093225
137.28300000000002;6.022880357511948;4.421431985316959
137.50400000000002;5.93402285838782;4.486271770525294
137.707;5.851659364241875;4.546426119448028
137.93599999999998;5.7592332779512425;4.613999897603211
138.18400000000003;5.658338825963001;4.687801234700711
138.394;5.5748275200616115;4.748920892601078
138.60399999999998;5.4897153762256;4.811256130855117
138.856;5.388539364603494;4.885431037004067
139.111;5.285783557084049;4.960859616415077
139.38;5.177418156127;5.040488340245975
139.644;5.071076044886577;5.118680128561083
139.92000000000002;4.95994372764697;5.200467667006801
140.13600000000002;4.872596512280209;5.2647904132167485
140.38600000000002;4.772418056738746;5.338626378247871
140.63099999999997;4.673844013229952;5.411349485972495
140.894;4.5676560272751585;5.489760906519925
141.17200000000003;4.456292197786516;5.572062005805612
141.428;4.353025057054736;5.648482085437167
141.697;4.2453433411921875;5.728249109726358
141.957;4.1487755818273975;5.80113441977912
142.233;4.081410747088592;5.8553112707467205
142.428;4.0512485793740005;5.884246563194165
142.65699999999998;4.031784759244152;5.915828845524867
142.92399999999998;4.024100405665696;5.934889874073542
143.19;4.027144087381322;5.928401390887082
143.437;4.031115037793472;5.9219991184454575
143.704;4.036026243479328;5.915707118937542
143.959;4.040598642320683;5.910783840742833
144.19;4.041829487911071;5.906780568630964
144.428;4.042828044745365;5.905038018867802
144.666;4.044366132494013;5.904583719726862
144.892;4.045894401051856;5.904417874542699
145.10500000000002;4.047484077660371;5.9045481493916
145.37400000000002;4.052072815445959;5.902185710523324
145.603;4.056084282587153;5.898865412058755
145.82999999999998;4.052563928009939;5.896891711747795
146.09699999999998;4.046960555371867;5.894188102034615
146.37;4.04751341511334;5.893605924193776
146.639;4.049765162779569;5.892251068193822
146.918;4.057570161389047;5.888125851298731
147.14999999999998;4.067117163676663;5.883954884138391
147.38600000000002;4.069770555022855;5.880175281720412
147.63799999999998;4.066690758844504;5.876978847661597
147.901;4.066533071330421;5.87568295355677
148.20499999999998;4.072418427636445;5.876339883919469
148.418;4.0801309467664515;5.87739533579041
148.613;4.089209905341253;5.8794594005363106
148.85199999999998;4.090949490682307;5.88181899347979
149.10199999999998;4.091076731634976;5.882303474200607
149.361;4.091467779250101;5.881206463881896
149.584;4.0990218115687815;5.8622640190759
149.77300000000002;4.120041457884398;5.829067176410601
149.99900000000002;4.166324196484415;5.780581477802488
150.18900000000002;4.229191997338256;5.736189085226653
150.418;4.325156087716253;5.684737851603522
150.68099999999998;4.441880435426865;5.624171530484369
150.93900000000002;4.5563556971094625;5.564672578833068
151.2;4.67210484743438;5.504408895965924
151.471;4.792206518152037;5.441780304087047
151.736;4.909650594825045;5.38040524253514
151.993;5.023514511162087;5.320790216554179
152.272;5.147018105872835;5.256001769335743
152.53699999999998;5.264756998562948;5.19413856103135
152.801;5.3811491841974695;5.132881325057864
153.079;5.504098131436462;5.068037030672249
153.363;5.629633238063686;5.001704957143266
153.611;5.739231356933843;4.94368766758332
153.863;5.850546315353409;4.884658196080288
154.13799999999998;5.971965500076745;4.82016987608422
154.416;6.0946719552346496;4.754868387585594
154.699;6.219989288387055;4.688071939302359
154.995;6.350050161696623;4.618600112399395
155.2;6.440413884079103;4.570236839970511
155.39100000000002;6.525022425864943;4.524892411590175
155.567;6.602556895106022;4.483288349027582
155.82600000000002;6.716252681825241;4.422216967276053
156.08100000000002;6.80339387237989;4.372662770520664
156.31799999999998;6.850028770175384;4.345506470022381
156.51600000000002;6.864588845529914;4.338660108610176
156.67000000000002;6.870487311982029;4.335834347726052
156.82799999999997;6.8757328661498125;4.332980762237676
157.00900000000001;6.87898059801122;4.330975622498918
157.219;6.879989891197531;4.330103915337306
157.40699999999998;6.880812788644858;4.32912299836682
157.58100000000002;6.881450843237885;4.328102047157425
157.81;6.882069178640701;4.3266316084808345
157.99900000000002;6.882384302015692;4.3253416804131195
158.197;6.882500363068325;4.323907408400108
158.38799999999998;6.882390826808016;4.322542744401865
158.60500000000002;6.882239686207733;4.321757949745534
158.84500000000003;6.881846567997736;4.320859256101685
159.07299999999998;6.878428991304734;4.315879200404856
159.31400000000002;6.853634391067459;4.289968658070048
159.56099999999998;6.796983472200482;4.256523853227409
159.837;6.703944899968459;4.230127334308655
160.082;6.65232804579409;4.22114624578638
160.358;6.627480863365918;4.213951547402085
160.635;6.622778647509906;4.212580787826073
160.85399999999998;6.621289896872659;4.212492985981503
161.07299999999998;6.61402526549835;4.213417257060746
161.252;6.58629678493749;4.218140872708322
161.466;6.533283199655863;4.231639996598444
161.64999999999998;6.4717705406867925;4.254770947374599
161.82100000000003;6.405602478382872;4.290237676145501
162.02300000000002;6.323710218792673;4.344118280175484
162.21699999999998;6.243262806314009;4.398281359616766
162.43400000000003;6.153275285981325;4.458905474908482
162.635;6.069951432385459;4.515089698387796
162.82799999999997;5.989960085545113;4.569057389327249
163.02100000000002;5.909572000707584;4.6233225056117755
163.255;5.813040718489639;4.688532659591888
163.50900000000001;5.70745018478415;4.759941168214397
163.724;5.618856172957104;4.8199397461073445
163.952;5.524509758123913;4.883898749478953
164.188;5.426873907299033;4.950159700506664
164.416;5.332576208890789;5.014227727318696
164.69600000000003;5.216023698099155;5.09350345118547
164.942;5.11517852094945;5.162175693264935
165.264;4.982195767633262;5.252831478337284
165.53500000000003;4.87028799843642;5.329218943054369
165.81400000000002;4.755145511933482;5.407924736102308
166.053;4.656542794541909;5.475407060871975
166.32;4.546446761280632;5.550864772655739
166.55399999999997;4.449977008987156;5.617059941481352
166.78300000000002;4.355175803985428;5.682158546487204
167.041;4.258381384279433;5.7508038018569785
167.33100000000002;4.189138523823894;5.803695372463513
167.62400000000002;4.152596022317556;5.841199964478121
167.94099999999997;4.14220141945995;5.857721502226528
168.224;4.143436459434686;5.856195292525261
168.486;4.1449293856513405;5.855025435044977
168.764;4.146965190971776;5.8539885153003315
168.98000000000002;4.147680927930286;5.853725579369083
169.21800000000002;4.148286301739157;5.853640225570243
169.394;4.144397856904383;5.853076886341859
169.63;4.118905552781232;5.843827169381152
169.858;4.07319639533663;5.815048546094762
170.041;4.028444122064508;5.771964794788763
170.27100000000002;3.977880064199676;5.714725635209927
170.539;3.944389559063018;5.676520011403124
170.779;3.9415725141327416;5.671740216847188
171.00599999999997;3.9420057126514205;5.673175449938917
171.252;3.942140343100908;5.673735628512787
171.54199999999997;3.941998356989259;5.675550210929071
171.80399999999997;3.9414637492344813;5.677265317792212
172.00799999999998;3.9405005250705436;5.67905582769168
172.279;3.9393359633040848;5.6805937834583204
172.531;3.9585427234117083;5.665116405518764
172.75099999999998;4.001045598249035;5.637437016580389
173.00599999999997;4.078241252981083;5.596992503733122
173.27800000000002;4.195174598710884;5.544637826255422
173.529;4.310483309089595;5.493812232946686
173.808;4.437659241568751;5.437634287631125
174.09500000000003;4.5684262429060905;5.3797518019883475
174.336;4.678598905110372;5.330900755608246
174.596;4.797404950244787;5.278112844887413
174.849;4.913019501319768;5.226630523695345
175.108;5.031269791628493;5.173857010370583
175.373;5.152238656736469;5.119740171164584
175.64100000000002;5.2745367880086445;5.064940312993031
175.87400000000002;5.380854814095094;5.017223954768646
176.09300000000002;5.48119567238311;4.972125759458198
176.344;5.60063782518873;4.918352303061444
176.586;5.705478925008945;4.871073638363032
176.82999999999998;5.816630249247202;4.82084326209934
177.063;5.92275700589329;4.772800358796882
177.325;6.042089149631286;4.718683766326398
177.579;6.157735565141076;4.66614479807286
177.824;6.2691690914521505;4.615371890945826
178.11900000000003;6.4042686894237795;4.553683409133367
178.39299999999997;6.52797182261189;4.497094690718743
178.639;6.639051867320335;4.446158222347684
178.88400000000001;6.722847512761651;4.407598266435335
179.15499999999997;6.780533914685893;4.378173692046987
179.40800000000002;6.80692240080093;4.357202938227916
179.697;6.809775164040211;4.353201332520751
180.014;6.810462675364062;4.351098679155941
180.284;6.8106195798768825;4.349171618578681
180.534;6.810391407803954;4.347324445505971
180.81599999999997;6.810102357707981;4.346297880294087
181.07600000000002;6.8056381274110915;4.33878424877386
181.31400000000002;6.781343594729886;4.309356957582673
181.54000000000002;6.732804399616656;4.268969273544651
181.714;6.678493591062809;4.237323596266573
181.971;6.610462853920206;4.2029720611526775
182.235;6.58176445285679;4.182571746574281
182.406;6.570739516114637;4.172152061173395
182.613;6.560901889310419;4.161952332373861
182.85199999999998;6.557186711077363;4.15836033127405
183.09500000000003;6.555817353653304;4.157519596508815
183.37400000000002;6.55400482561633;4.15686790189375
183.64999999999998;6.5520811157563505;4.156618074204049
183.909;6.544024952523253;4.157690958088499
184.147;6.5096123622289825;4.165780601013505
184.356;6.456891451382725;4.183097565365171
184.54899999999998;6.392690860794376;4.213506040085335
184.74599999999998;6.318772171167301;4.262796470800321
184.95299999999997;6.237780581810026;4.324865598041046
185.18;6.147930154112039;4.394191499588972
185.39499999999998;6.062450138548314;4.460194347516175
185.615;5.975410024550473;4.527449673732257
185.88600000000002;5.868613733131318;4.610056714453631
186.164;5.758720359463741;4.695160181303641
186.454;5.643742305005277;4.784293296308758
186.72000000000003;5.539056513750943;4.865544393516614
187.003;5.426918295447238;4.952636371094015
187.27100000000002;5.321151673186251;5.034852644328047
187.536;5.2165755738049615;5.116240151781494
187.776;5.121922617765019;5.189983551397949
188.07;5.006023799784882;5.280369131557184
188.32299999999998;4.906722198477472;5.3578816596346215
188.567;4.8101936884134;5.433315070682747
188.827;4.707828748153527;5.513385597076505
189.06099999999998;4.616097537739688;5.585212348407096
189.31;4.517729430084447;5.662315713135154
189.54199999999997;4.426882557801998;5.733593773202819
189.81799999999998;4.3312652121988755;5.810514688921138
190.08499999999998;4.2722017226669795;5.85757346626596
190.30700000000002;4.24749624024045;5.890163112426933
190.60899999999998;4.233753880070109;5.924592611747969
190.902;4.233135992400512;5.926862017013754
191.187;4.236634850005272;5.921195766637178
191.438;4.241112721374733;5.915557579909006
191.67700000000002;4.245443629541057;5.911042797414988
191.925;4.247247218588265;5.906794330991731
192.159;4.24820515437005;5.904996355407044
192.39100000000002;4.249684593216292;5.9045805191534395
192.64;4.251574309125358;5.9044362426779795
192.906;4.233614062694081;5.902133616135606
193.156;4.181822472548115;5.891982709904932
193.39499999999998;4.104348001313645;5.869438427275097
193.69600000000003;4.023253967673171;5.836594000504288
193.99599999999998;4.00654645356172;5.8266261047422105
194.26100000000002;4.0079339747927225;5.8278096367017325
194.55200000000002;4.0091489467111225;5.829428539138599
194.80200000000002;4.010010053765705;5.831402242571348
195.04500000000002;4.010327052127477;5.832394959809125
195.341;4.010383720495249;5.8336024695983975
195.663;4.009972684524365;5.835760713778644
195.89299999999997;4.017064899578531;5.820630098621307
196.13799999999998;4.039939194874541;5.7842275570103565
196.35000000000002;4.079396958536643;5.736369094331379
196.586;4.149493416251527;5.671819542650378
196.805;4.236324618201395;5.606392584227391
197.05900000000003;4.33645030680605;5.531573220918302
197.308;4.436142999041139;5.456992493074633
197.551;4.533807198218853;5.383853144737237
197.80200000000002;4.634219149038934;5.308557872357746
198.062;4.7377586631647235;5.23081821641557
198.332;4.846072980497265;5.149389484810847
198.613;4.957958630297012;5.06518227771195
198.85500000000002;5.0545797528073;4.992379267586045
199.118;5.159924502620527;4.912931364050881
199.378;5.263691252595227;4.834589737616922
199.64100000000002;5.368210978239214;4.755590386380127
199.88299999999998;5.464703588136997;4.6825714995134655
200.14600000000002;5.569522232375425;4.603184741830108
200.40699999999998;5.673926768969051;4.524032525096874
200.67000000000002;5.778300099860189;4.444838277944193
200.897;5.868689838349138;4.376169435109469
201.07100000000003;5.937953594164361;4.323518851557808
201.286;6.023514244264952;4.258434919759674
201.50099999999998;6.109051791948907;4.193328680584768
201.784;6.221591515801264;4.107585420474904
202.05700000000002;6.330121505087622;4.02481916484124
202.336;6.441007721195243;3.9401566300895645
202.591;6.54231416288844;3.8627365591736718
202.79500000000002;6.62373373872001;3.8004559418612036
203.05900000000003;6.728152392265155;3.7205203567464977
203.358;6.825830343363909;3.645576103411004
203.642;6.8649425426778095;3.61507735247582
203.91899999999998;6.867651969851339;3.612645207408662
204.18099999999998;6.8686773162702695;3.61109856834573
204.45800000000003;6.869250443045311;3.609585071235418
204.714;6.869706260292851;3.6072782280178175
205.00400000000002;6.869658567924225;3.6052243300266316
205.25599999999997;6.869232010171327;3.603487940797619
205.47500000000002;6.868577997044549;3.602049642732323
205.709;6.867619507877752;3.6006663499174336
205.90499999999997;6.864482169464461;3.5973825241442228
206.13;6.844283871301372;3.576505026063331
206.315;6.814076665860261;3.5460882592962126
206.50099999999998;6.7702600083595215;3.504150367883019
206.752;6.7038658756078595;3.446027555301065
206.976;6.673028563660013;3.4235749585445836
207.219;6.6649624696441165;3.4177825313579593
207.47500000000002;6.663279087775463;3.4169869606052
207.74400000000003;6.661763144148644;3.416609013217945
208.055;6.658755489761643;3.4166775745969273
208.26799999999997;6.634376771893611;3.4218079668618793
208.50799999999998;6.578794274626787;3.4414542323436192
208.70600000000002;6.517340802932612;3.4758540315643938
208.925;6.444186230908929;3.537766400171335
209.144;6.370034485939507;3.6154091288861077
209.337;6.303877871810494;3.6856503765063784
209.551;6.229838986428107;3.764290232836131
209.762;6.158200583141046;3.8404003068664743
209.97199999999998;6.086249654824377;3.91685793409194
210.216;6.002649746994381;4.005696678251508
210.40699999999998;5.93719844803324;4.07526632815854
210.615;5.865945078616142;4.151033737800267
210.822;5.7947020697956555;4.226801869921219
211.04899999999998;5.717296719489883;4.309154687986513
211.265;5.643327601558727;4.387858418887492
211.48200000000003;5.568723504302235;4.467281350828159
211.69799999999998;5.49513255301446;4.5456306745322435
211.925;5.417430348083896;4.62836443597173
212.199;5.323669109926524;4.7282567477036705
212.442;5.240512020499097;4.816885403120956
212.699;5.152577398737059;4.910619340502206
212.95999999999998;5.063328099482255;5.0057682517789885
213.257;4.961761906591453;5.114072265968643
213.495;4.879342993000809;5.202021713123527
213.764;4.788415702432748;5.2990753454385375
214.03699999999998;4.695117510646896;5.398695974056624
214.32100000000003;4.598047832600447;5.50236754479023
214.579;4.509531510509871;5.596921115007812
214.81400000000002;4.42953732293772;5.6824194793201706
215.06;4.364984441088683;5.749285561527386
215.243;4.328909914765602;5.786710045817373
215.39;4.305037259676784;5.8109017340213756
215.567;4.284875946082213;5.8327697248286405
215.82;4.269511874981068;5.854997971148686
216.06799999999998;4.26733369180731;5.858467719245998
216.34199999999998;4.268628997688214;5.857073787003673
216.60399999999998;4.270124664168341;5.856037018405476
216.86900000000003;4.272172132963101;5.855202011171672
217.05700000000002;4.273133902217207;5.8549538523908025
217.31799999999998;4.273847856823087;5.854865247811204
217.524;4.263497081176469;5.852365937781282
217.716;4.236129862543452;5.838680397763442
217.894;4.20071749743808;5.811151859523115
218.075;4.1609258831346585;5.7643954808807445
218.22000000000003;4.132381945459883;5.722397798066214
218.42899999999997;4.103056406094626;5.6826801106751335
218.63799999999998;4.091697900617879;5.663669939495695
218.79199999999997;4.09038557789181;5.658881419950702
219.014;4.090496143309448;5.660186579268801
219.226;4.090388300277998;5.661524469435976
219.47500000000002;4.090155145224174;5.662597277403069
219.769;4.0893218940050895;5.664329782990014
220.05200000000002;4.088082738778416;5.665843463862666
220.29899999999998;4.0927510555728555;5.662365221727242
220.54899999999998;4.122160307226805;5.639658053172125
220.83300000000003;4.186202746542045;5.590881224664654
221.06900000000002;4.26247856623959;5.529661917214784
221.31900000000002;4.35787954530828;5.448715181766793
221.57;4.4530875985433;5.367736304094221
221.863;4.564651112779991;5.272752327567978
222.13799999999998;4.669304259357599;5.183590552794636
222.411;4.772799299778927;5.095371934976348
222.683;4.876271926480525;5.007098538513779
222.92000000000002;4.966407951352691;4.930135536071365
223.18200000000002;5.066384779616932;4.844717439864952
223.41199999999998;5.153815083689314;4.769991801705475
223.67200000000003;5.252204840992391;4.685854328418264
223.952;5.3585762149874245;4.594808517650849
224.22199999999998;5.46107939528517;4.507004044407859
224.46699999999998;5.55407845248681;4.427292519789656
224.76100000000002;5.665625051629362;4.331594722409601
225.01100000000002;5.760820251969422;4.249837301678928
225.284;5.863959635037145;4.161176021012791
225.563;5.970065971887125;4.069875985372594
225.81400000000002;6.06518194367803;3.9879823494076443
226.063;6.159107134281558;3.9070774475308485
226.30200000000002;6.250011420431013;3.8287181452942143
226.574;6.35260019144024;3.740233346724271
226.82999999999998;6.449881081448012;3.656261423141348
227.101;6.551997321408401;3.5680267075474847
227.399;6.665056859050422;3.470248703678003
227.726;6.776393985325108;3.3773412587423297
227.997;6.832642770949939;3.3327734370929507
228.322;6.847994114301239;3.318976027480256
228.66199999999998;6.849347475877486;3.316986401267513
228.97199999999998;6.850092226266972;3.3148621373979617
229.223;6.85028260975637;3.313123691495008
229.52999999999997;6.850094386567901;3.310814030358831
229.784;6.849551206199696;3.309088550244227
230.08800000000002;6.848469609634815;3.307231416477037
230.346;6.845207712333111;3.3039784702246187
230.623;6.816602575763449;3.279586376325581
230.925;6.749382393729065;3.2285397682002315
231.2;6.666641958734227;3.172588361531301
231.459;6.6101123690558445;3.1408532480436175
231.74200000000002;6.579182474000769;3.1179796726062152
232.038;6.568306785352551;3.1070167299548928
232.32100000000003;6.566615580374801;3.1058501117691972
232.62599999999998;6.564849521407079;3.105133817532463
232.902;6.563096124073218;3.1048852906475726
233.168;6.553623725910876;3.1061257384858307
233.41000000000003;6.511881690877816;3.1208031636720652
233.67200000000003;6.4443065612506345;3.1647347178335075
233.923;6.375380262053189;3.2444477820718363
234.185;6.307742292449824;3.352934916006281
234.418;6.2474979645276045;3.4520567426961684
234.723;6.168291117710287;3.5823614584964174
234.98200000000003;6.1007540293749605;3.693473094313052
235.257;6.029584586558373;3.810500028356067
235.517;5.96203686947134;3.9215677341907944
235.752;5.90098286989249;4.021950518097033
236.048;5.824057513901866;4.148362378752845
236.36;5.742952129076641;4.281589854692225
236.635;5.6714141159069555;4.399056465319073
236.89600000000002;5.603800864656063;4.510081631338585
237.21699999999998;5.519806172550248;4.648051501342263
237.49400000000003;5.448034041899065;4.765936698144325
237.77800000000002;5.373935534569314;4.887641061173929
238.06599999999997;5.299295335484292;5.010203052256986
238.36200000000002;5.222307696852593;5.136581603008075
238.68;5.1395820552328395;5.272383483771884
238.95600000000002;5.067524693374167;5.390642782002429
239.231;4.996252471818662;5.507664152920334
239.515;4.922437391472034;5.628955829530966
239.825;4.851397725883917;5.739498161463143
240.08100000000002;4.812100961124574;5.797255493183344
240.247;4.792105858929044;5.821898219906184
240.41199999999998;4.777255949182622;5.836371358366945
240.615;4.767054697029673;5.845806102770651
240.861;4.764761596872302;5.847844096319512
241.15800000000002;4.766531588335479;5.846808425793949
241.46300000000002;4.768536663212657;5.846206893179905
241.728;4.770426920478123;5.8461018148732915
242.00099999999998;4.749127428717642;5.843786699509747
242.27100000000002;4.68761360474255;5.834642563464378
242.49900000000002;4.608550466682147;5.816680032225215
242.72699999999998;4.53901225609407;5.794579084597846
243.039;4.505555309957494;5.780860224187695
243.32100000000003;4.505954018819636;5.781138566999584
243.628;4.508115119188742;5.782941950142623
243.902;4.509310057814226;5.784499766153962
244.122;4.509931448660167;5.785729489288224
244.38600000000002;4.510073812611628;5.785909342328282
244.66500000000002;4.510233679296678;5.7876749409110495
244.93400000000003;4.510087127081678;5.7891113499285805
245.24200000000002;4.517080220852976;5.7654093461500535
245.503;4.537766006730601;5.710357689966472
245.735;4.573895395850682;5.637519257493096
245.96300000000002;4.629728987027312;5.550423072734284
246.224;4.703628818108746;5.4422611437577615
246.502;4.781734816829238;5.3279373209339775
246.74900000000002;4.8519675707153125;5.225152799380624
247.005;4.923623218717873;5.1202851761841135
247.279;5.0011832567966374;5.006804317017983
247.51600000000002;5.067764219931262;4.909400183953727
247.80399999999997;5.14902284307933;4.790510519442924
248.09199999999998;5.23055008613372;4.671221810520924
248.38299999999998;5.312367320106458;4.551526509596838
248.659;5.384509126520785;4.445579896525986
248.918;5.432778577708767;4.3802525937744194
249.22199999999998;5.449074946714763;4.352939280587765
249.5;5.449513463950758;4.351049025079676
249.784;5.4495311113478255;4.349031164636299
250.067;5.449066913715829;4.34690343542746
250.301;5.4487397025261215;4.346061337132578
250.591;5.447981161477681;4.345022878964548
250.86;5.446610254851463;4.343746052260187
251.13299999999998;5.443258937647245;4.34192133591495
251.37599999999998;5.4109396505734395;4.330546918013111
251.59999999999997;5.35518355255399;4.316877690420125
251.86;5.260530461622987;4.301244571122364
252.135;5.1913141634775855;4.286472012784977
252.44099999999997;5.174357302697392;4.2818645838344915
252.747;5.170478678595048;4.281968417043293
253.00899999999996;5.1334870968053;4.287987866912925
253.25799999999998;5.06628984235443;4.305336033370648
253.529;4.9658850390859826;4.349839833760972
253.765;4.868997162830064;4.410745323653858
254.01;4.765792883476135;4.47765842877669
254.245;4.667643057922839;4.54137540876228
254.497;4.562024934045891;4.610005525122493
254.77499999999998;4.445125226112913;4.686064933629707
255.075;4.319848365376263;4.767664924036604
255.34499999999997;4.206816535961234;4.841387203804004
255.627;4.088783197363485;4.918505366616098
255.918;3.9670601623506605;4.998171347837021
256.175;3.8595914344051274;5.068616892175344
256.436;3.7504740453231324;5.140209438418678
256.69599999999997;3.6418168597661404;5.21156971284661
256.985;3.5210903985996667;5.290949103348574
257.799;3.181286290014501;5.514927289306553
258.091;3.0590949290326925;5.5956790115776975
258.35699999999997;2.9481852481604376;5.669093107714313
258.62899999999996;2.8349434893204126;5.744189360665816
258.92199999999997;2.743834386962557;5.807607529347818
259.18899999999996;2.686695315030597;5.84932187547376
259.493;2.6542689209835917;5.882962931024882
259.808;2.6495727067434247;5.8894551445164485
260.089;2.6510246857815014;5.8881406401589516
260.37899999999996;2.652792772510566;5.887156397110914
260.626;2.6545822986109546;5.886614781788223
260.889;2.6552862937447643;5.886478136024636
261.14799999999997;2.6493658048752096;5.885097017047588
261.37399999999997;2.619909189033212;5.871033775007891
261.586;2.577383312257082;5.8374231520866315
261.77;2.5365301940884164;5.787134433824687
261.996;2.496485748415953;5.7263182555248155
262.288;2.4761189271898174;5.68703905652564
262.561;2.4755288382017153;5.684126582261797
262.816;2.4753286773237915;5.685890213404816
263.111;2.474685412437445;5.68784910219866
263.399;2.4739866511042394;5.689109131335778
263.69;2.4725650768784466;5.690577350528827
263.95099999999996;2.484292417207825;5.682773516207795
264.2;2.5250965976066455;5.66233467665216
264.46799999999996;2.603981856699434;5.6322546036601455
264.74899999999997;2.7254308174640967;5.592637158127182
265.044;2.865397095703101;5.547790886901007
265.312;2.993423123424915;5.5066216056813895
265.611;3.135202670186891;5.460835895229645
265.88599999999997;3.2660158000683395;5.418463169048627
266.164;3.39819291918507;5.375502645370615
266.45599999999996;3.538410033138828;5.329741745845104
266.72999999999996;3.667197485090004;5.287583833212588
267.032;3.8106506594477185;5.240455312546315
267.308;3.9421980160098276;5.197099244139492
267.565;4.063727354369406;5.15695437889424
267.854;4.201351931667754;5.111339514750129
268.106;4.320888615529453;5.071594461041664
268.349;4.435687738016319;5.033322405427069
268.592;4.550923615507872;4.99481370946494
268.815;4.656632698936473;4.959377834815075
269.03999999999996;4.763242396762322;4.923530272344389
269.305;4.88880513681296;4.881168854172984
269.592;5.024729033976701;4.835174652936555
269.86199999999997;5.153031649531814;4.791639212000214
270.133;5.280846367666829;4.74813825022791
270.347;5.382109950300232;4.713582164533513
270.566;5.486658854637408;4.677807462870922
270.844;5.61717898509922;4.633019763661127
271.11899999999997;5.747179649088674;4.588295434757342
271.39099999999996;5.876206301734675;4.543743876742678
271.642;5.994788086920248;4.502664199435898
271.89799999999997;6.115260748956311;4.460810739317849
272.178;6.247466878001652;4.4147671237470325
272.436;6.369263384271185;4.372224317192553
272.686;6.487245808474168;4.3309125951394
272.933;6.604210241680413;4.289835857430284
273.183;6.710163070258639;4.250405969342289
273.453;6.7858028040375356;4.219236750239214
273.668;6.821854228249796;4.199054224348869
273.835;6.834219616517982;4.187420046512674
274.025;6.838528191464349;4.181842689936723
274.303;6.841287310312187;4.177434957541666
274.56399999999996;6.841895031000939;4.175665154789551
274.87399999999997;6.842132956298339;4.1734248244721615
275.091;6.842018487377697;4.172219363624926
275.311;6.841840572872564;4.171661912609245
275.55899999999997;6.836409435869205;4.161006401789556
275.806;6.808243079773757;4.120692933481455
276.022;6.760395106868632;4.073087235548323
276.263;6.6825059722044395;4.01997379906716
276.556;6.627579125711103;3.9902695552666048
276.822;6.613520628306473;3.984955031495084
277.09299999999996;6.609697493587976;3.984547059918397
277.33799999999997;6.588137778375505;3.9869332895180944
277.582;6.532545598359602;3.997298721334173
277.836;6.446101355113518;4.024632422158175
278.08799999999997;6.343124463519051;4.077663036144889
278.36699999999996;6.222988202528345;4.148075505615103
278.64599999999996;6.102704167260209;4.218725410132069
278.89799999999997;5.994112133187343;4.2826015649026274
279.135;5.8915706932458685;4.34299582392034
279.38599999999997;5.783494198599346;4.406721813878903
279.615;5.685344203118948;4.464690287303342
279.84;5.5885152905059945;4.521934829134019
280.08299999999997;5.483522758172684;4.584080312019481
280.334;5.375571602194109;4.648052741836804
280.626;5.250476524648874;4.722296799896104
280.916;5.12581000385137;4.796388013090671
281.178;5.013268207252851;4.86337719768428
281.436;4.902471201177234;4.929419449532729
281.688;4.794260353255061;4.99398361076735
281.965;4.6744948145569944;5.065533871999611
282.21799999999996;4.566796493273726;5.129952892225059
282.488;4.4505749036151725;5.199567496389055
282.74399999999997;4.3403621469213105;5.2656578088638835
282.997;4.23275854044073;5.33025724350578
283.22999999999996;4.132496291127661;5.390500438851634
283.477;4.027105535769684;5.453912002590463
283.777;3.8986534195473697;5.531317714179371
284.06399999999996;3.775802161646145;5.6054520108462365
284.31899999999996;3.6666847768489217;5.67139421273997
284.558;3.5644374962241767;5.733221734226486
284.81399999999996;3.4710583767451713;5.787463585048007
285.085;3.417255034614682;5.819029038867897
285.426;3.4114836298249305;5.822654244673575
285.626;3.41298115192468;5.822176599531983
285.87;3.4135229897295805;5.821987579124185
286.159;3.4094968216449435;5.821154531207624
286.38399999999996;3.382339906709355;5.810011413741821
286.541;3.3519996572605373;5.7905399206282775
286.724;3.3102882838794128;5.751510839136722
286.877;3.275743249287497;5.707163366142485
287.132;3.2346537753925237;5.657841676832493
287.364;3.2214072532336644;5.640875099449255
287.585;3.2195920331550782;5.636434496953065
287.764;3.2198014508602526;5.637580150569942
287.979;3.2198632670204965;5.638507599128087
288.231;3.219685642795864;5.639943591371435
288.507;3.2190737254244994;5.641695194133501
288.781;3.218078850821285;5.6432939006831
289.043;3.217736580210147;5.643859566395336
289.27;3.235698089693658;5.62842501246323
289.52099999999996;3.2790697161902957;5.59168367328091
289.77;3.345456743157765;5.534404024015838
289.99399999999997;3.422814454059522;5.463122597342037
290.265;3.521564983137729;5.3703428122343935
290.525;3.6170150242180172;5.280607349711146
290.781;3.7095077013444504;5.193614819220235
291.06399999999996;3.813253148320988;5.095961409337017
291.317;3.904972054587822;5.009583679037472
291.565;3.9952288393756348;4.924520345441144
291.844;4.096685526114;4.828852512196847
292.13;4.200332335923905;4.731058624632186
292.382;4.292342327285862;4.644204106794877
292.654;4.390859625241286;4.5511864189578
292.92199999999997;4.488233660404586;4.459173767775193
293.20799999999997;4.592145963427771;4.360923714797934
293.502;4.698916269913851;4.259903895405925
293.77;4.796207586184812;4.167779985555825
294.05199999999996;4.898566741157847;4.070801615640112
294.312;4.993260773012662;3.9810404522531924
294.579;5.089748551778126;3.8895047078742517
294.892;5.203602945228067;3.781399707617093
295.181;5.307963506681778;3.6822544060916815
295.43;5.398180626882958;3.5964699865427385
295.685;5.49054599003798;3.5085767867531215
295.883;5.5622439922947065;3.4402939808983057
296.161;5.662884489697509;3.344398965300046
296.41499999999996;5.755171471737127;3.2564378596892927
296.703;5.859380037141782;3.1570425720846744
296.97999999999996;5.95920520207306;3.0617555269135712
297.235;6.05140097786143;2.973696983419346
297.50399999999996;6.148617858173625;2.8807696542960657
297.72499999999997;6.228835788764572;2.804041725574074
297.95099999999996;6.310475439031883;2.725915986426068
298.185;6.394632618354105;2.645318671470428
298.433;6.484123033797343;2.559548740266896
298.726;6.590204331652767;2.4578149198509234
299.003;6.689694143763358;2.3622990318315176
