time;robot_x;robot_y
0.0030000000000001137;0.5027298615654343;0.5027848382015871
0.15899999999999892;0.5027488521460429;0.5028032676101519
0.3059999999999974;0.5027686103007897;0.5028147372844577
0.49599999999999866;0.5027931898660842;0.5028324725577341
0.657;0.5028086892365486;0.5028503040391759
0.7949999999999982;0.502822606550991;0.5028625782239222
0.9269999999999996;0.5028359844004295;0.5028766875015039
1.0539999999999985;0.5028502105545732;0.502886458134118
1.2369999999999983;0.5028653436152603;0.502907800201412
1.3699999999999974;0.5028800572149592;0.5029218666927993
1.5030000000000001;0.5028969037414474;0.5029350158915954
1.6819999999999986;0.5029093084996729;0.5029527466329263
1.8119999999999976;0.5029254190378685;0.5029618295837222
2.0299999999999976;0.5029485555590527;0.5029885110897564
2.155999999999999;0.5029626270378186;0.5030007197024237
2.2489999999999988;0.5029740189446659;0.5030091294320053
2.381999999999998;0.5029874622799417;0.503020075302367
2.504999999999999;0.5030008171740532;0.5030368508252723
2.671999999999997;0.5030184898246066;0.5030532026609124
2.7689999999999984;0.5030337846077139;0.5030633753858806
2.8759999999999977;0.5030467893976045;0.5030728147684772
3.001999999999999;0.503060354737579;0.5030878547448114
3.186;0.5030837887165103;0.5031060472164312
3.350999999999999;0.5031018358789943;0.5031246976115337
3.5189999999999984;0.5031207143941585;0.5031391270041188
3.665999999999997;0.5031364198364914;0.503154423993939
3.838000000000001;0.5031507886429977;0.5031737059917973
3.9129999999999967;0.5031621365327026;0.5031798142657122
4.016999999999996;0.5031756653166253;0.5031885522553585
4.177999999999997;0.5031937945486976;0.5032041004393162
4.3530000000000015;0.5032157319720653;0.5032229800617467
4.469999999999999;0.5032289467608201;0.5032349745920192
4.591000000000001;0.5032409897644281;0.5032499703465755
4.716000000000001;0.5032484753635034;0.5032622767863016
4.838000000000001;0.5032644844533237;0.5032764584643673
4.954000000000001;0.5032729414169048;0.5032905416685094
5.055999999999997;0.5032858531698253;0.5032987776099149
5.234999999999999;0.5033050507218422;0.5033167856507487
5.3870000000000005;0.5033226494540993;0.5033319186385647
5.521000000000001;0.5011115000991793;0.5033649735031598
5.668999999999997;0.4812922845436363;0.5035306761390567
5.820999999999998;0.4565417417250984;0.5037085534230751
5.982999999999997;0.4319315642244658;0.5037927667148306
6.076999999999998;0.41893571053336004;0.5034763015151227
6.237000000000002;0.4055974634032937;0.5026983742570674
6.369;0.4005277940838372;0.5021387879135248
6.463000000000001;0.4011303092184535;0.5022811964805245
6.588000000000001;0.4068673178616853;0.5038300448505899
6.661999999999999;0.4120494767077477;0.5053452074100204
6.748999999999995;0.41591182702258067;0.5065909398599977
6.873999999999995;0.42117229978808873;0.5086602895216553
6.992999999999995;0.43427356950953483;0.5139344577046923
7.100999999999999;0.44364723615671314;0.5180384492371701
7.25;0.4587918304049991;0.5260939477542892
7.381999999999998;0.4757108742534596;0.5367083883589228
7.4780000000000015;0.4899943509863188;0.5469549579277074
7.594000000000001;0.5121146725216513;0.5658634590315414
7.68;0.5308579137564428;0.5840296857332476
7.7890000000000015;0.5563317776535838;0.6120162329651962
7.899000000000001;0.5833480630762342;0.6473151225381937
7.994999999999997;0.6077184262948216;0.6838932551901601
8.085999999999999;0.6289865407397297;0.7216425608400094
8.208999999999996;0.6548286221210061;0.7762477654022241
8.281999999999996;0.667832902557541;0.8099402469442669
8.411999999999999;0.6848691366941789;0.8681183243615697
8.510999999999996;0.6941559684925634;0.9145765927768842
8.601999999999997;0.6997711673852806;0.959182504957449
8.713000000000001;0.7027854174401716;1.0140048420590506
8.82;0.7018411773296453;1.0666238986178969
9.033000000000001;0.689304450437778;1.1673410640191522
9.140999999999998;0.6783007022664284;1.214340720774159
9.257999999999996;0.6629421927490257;1.2643914215460625
9.384999999999998;0.6420195491156457;1.3169125003133022
9.503999999999998;0.621212152236042;1.3601815314242791
9.612000000000002;0.6021205353575922;1.3952038619318472
9.707999999999998;0.5847855358820201;1.4233451589915314
9.802999999999997;0.5682152994734486;1.4485306441399628
9.912999999999997;0.5491389707669859;1.4756539731860967
10.055999999999997;0.5263998238142982;1.5040524056685838
10.186;0.5052395329880713;1.5280896038735912
10.287999999999997;0.49017037176660416;1.5449675547936463
10.414000000000001;0.47152722001526826;1.565394743491419
10.545000000000002;0.45081681982082106;1.5874529364672145
10.753999999999998;0.4197653994550472;1.6194187743896131
10.896;0.399982598445377;1.6389892090579847
11.027000000000001;0.3832195284847633;1.6550840077071847
11.146999999999998;0.37003732766928155;1.6673607864538718
11.253999999999998;0.35982080368166164;1.6765859006988428
11.379999999999995;0.34835258609653413;1.6866229928848555
11.498999999999995;0.3386853985236904;1.6946399753162853
11.592999999999996;0.3316188866967354;1.7001280649931858
11.681999999999995;0.32552088271528823;1.704558324303407
11.759;0.3208840220067837;1.7077193822306023
11.818999999999996;0.3166267460263934;1.7104667490100849
11.896;0.3113239818542195;1.7137045743946946
11.992999999999995;0.3056581841035052;1.7169210122370184
12.104999999999997;0.3005460068636815;1.7195642251552892
12.210999999999999;0.29618452945852003;1.7215871814831456
12.299999999999997;0.2923008445042327;1.7232197765725474
12.448999999999998;0.2867541920115518;1.7252557433363052
12.580999999999996;0.2826137924835519;1.7266048464844117
12.741;0.27815879577592334;1.7277736111043946
12.826;0.2774328154939877;1.727936959000719
12.933999999999997;0.27743268805777327;1.7279333663514977
13.034999999999997;0.2774295029655758;1.7279243983401202
13.213000000000001;0.27742538216407764;1.7279111458550087
13.345999999999997;0.27742421232129083;1.727901660741301
13.479;0.2774871535374024;1.7278755844537714
13.641999999999996;0.2874936779541535;1.7260923336815517
13.732;0.2999649529115745;1.7247568275628682
13.845999999999997;0.31925399689466805;1.7244557294368643
13.960999999999999;0.34786948084174485;1.7266281005261448
14.058999999999997;0.37881736949619077;1.7309086800730342
14.158000000000001;0.40982145260748515;1.7367223615219725
14.253;0.434918223668303;1.7422651633649875
14.397999999999996;0.467286046442715;1.7497774755411002
14.504999999999995;0.48988151044093053;1.7553488045000971
14.600999999999999;0.509522970419344;1.760588749342732
14.719000000000001;0.5305161498051681;1.7661231471199839
14.830999999999996;0.5525755933466572;1.7719577914858062
14.994999999999997;0.5843334782068781;1.780430081807881
15.101999999999997;0.6035657021325039;1.7855797175313484
15.253;0.6288494291655838;1.7915843050761657
15.429000000000002;0.665148884493068;1.7990542548402204
15.564;0.6960012590775811;1.804218187532221
15.658999999999999;0.7164249714015491;1.8068519412557145
15.783000000000001;0.7408166858750568;1.8094499467421965
15.902000000000001;0.7595697978195239;1.8113040803403195
16.033;0.7816143802888182;1.813203452569458
16.153999999999996;0.8035526737931812;1.8148552177180841
16.232999999999997;0.8180611840658694;1.8157315237384055
16.347;0.8399987789351073;1.817344853391069
16.491;0.8660444458190788;1.8194600838368875
16.652;0.8935268987341264;1.8218433538694834
16.735999999999997;0.90804837765953;1.823115185542465
16.844;0.9277532918556876;1.8248374244330388
16.981;0.9488504971381739;1.8273945487087695
17.229999999999997;0.9743259862948908;1.8326304962164728
17.369999999999997;0.9853650230649397;1.8360302961960424
17.455;0.9879161440914812;1.836946681702615
17.548000000000002;0.9868083887274807;1.8363902483238053
17.665;0.9856565258074653;1.8357758230856611
17.806999999999995;0.985538725420679;1.835611078189332
17.948;0.9827114214946272;1.8332703568371278
18.058;0.9796489305214697;1.8301634638525848
18.156;0.9739251002670826;1.8236227626747954
18.235;0.9677444162507287;1.8160463645494425
18.33;0.9589221535248783;1.804833878406969
18.431999999999995;0.9499003505248483;1.7922404629311859
18.528999999999996;0.9420881598588174;1.7798337579533432
18.674999999999997;0.9277602415655948;1.753450189089902
18.802;0.9102283925201263;1.7204621315658482
18.906999999999996;0.8946732439994605;1.6904562598906938
18.973;0.8867305348216021;1.6738770094886342
19.056999999999995;0.8770830374173272;1.651346196045573
19.192999999999998;0.8603249211314293;1.6060608581254034
19.320999999999998;0.8444508490002288;1.5557113226622334
19.412999999999997;0.8331945047692585;1.5144475774926327
19.522;0.8219990892976826;1.4627154125124489
19.625;0.8160658311832989;1.415040883109757
19.704;0.8137056066281367;1.3768228277287513
19.814;0.8141121303757481;1.3226575963766052
19.891;0.8170133881475862;1.2851725591813805
19.964;0.8214195506039264;1.2494113437161498
20.042;0.8283987036372404;1.2114800167749213
20.128999999999998;0.8385383405509865;1.1696278813809182
20.223999999999997;0.8522167794850841;1.1246482816828522
20.315999999999995;0.8677904525822281;1.081846081538175
20.415;0.8872452269261905;1.0363336348273215
20.528;0.9113732965086986;0.9874016722847657
20.707;0.9556358927474751;0.911340026136368
20.873999999999995;1.0032821224187436;0.8430031124199537
20.990000000000002;1.0378436082208096;0.7995065344512229
21.077999999999996;1.0656800820696606;0.7670503021641827
21.158;1.0906298960860228;0.7396234708409795
21.253999999999998;1.120181191693768;0.7088072104413063
21.359;1.1513222726872383;0.6778887779385423
21.442999999999998;1.1745973031203683;0.6556407304959225
21.564999999999998;1.2055189829242985;0.6274863814651881
21.726999999999997;1.2459167999812417;0.5928156243534055
21.859;1.275070069351896;0.5689619133905124
22.010999999999996;1.3063333247147808;0.5440840108263203
22.120999999999995;1.3267828789937592;0.5284658272997326
22.208999999999996;1.3415408915759517;0.5176485747997865
22.293999999999997;1.356299311488348;0.5072836294223402
22.403999999999996;1.3758549783217486;0.49382351498854465
22.512;1.393846988932051;0.48152647771455165
22.601;1.4074365537962867;0.4722774275930285
22.701999999999998;1.4209082520138552;0.46304886379589544
22.818999999999996;1.4374612493279588;0.45187967840504134
22.914;1.4495288325677131;0.4440951659743048
23.016;1.462408622893222;0.4360849281267462
23.137;1.4777983188887822;0.4268123207398906
23.248999999999995;1.489928151522297;0.41947695489845166
23.367999999999995;1.5013242795590402;0.4125249595817448
23.449999999999996;1.5101101135486332;0.4071220616475039
23.531999999999996;1.5175256877973018;0.40248995550543143
23.619;1.5246962485335067;0.39794236311984843
23.696999999999996;1.531358631994646;0.3935358048343175
23.795;1.5398230504957218;0.3877721037129682
23.881999999999998;1.5476381683496963;0.38243006650757044
23.940999999999995;1.5534408484800082;0.37853100523161787
24.04;1.5617783203898166;0.3730325367902591
24.137;1.56693098054519;0.3694741063585704
24.232999999999997;1.570474414742691;0.3667373030514862
24.345999999999997;1.57362926117902;0.36405278111157796
24.429000000000002;1.5753447796178035;0.3624824320352264
24.556999999999995;1.577049940085948;0.36084289665168834
24.711999999999996;1.577810569460999;0.3601017439058302
24.814;1.5778735381711464;0.3600524521888722
24.957;1.5779129768359577;0.3600362119386291
25.07;1.5779590057813393;0.36000707793449066
25.17;1.5779801067192842;0.3600006561831809
25.329;1.5780268076542374;0.35997981171591203
25.446999999999996;1.5780667798318813;0.3599573084640536
25.53;1.5780893761793802;0.3599463800522709
25.625999999999998;1.5781038248472916;0.35994582386925944
25.748999999999995;1.5782627405483287;0.35981502383922037
25.854;1.5809770278948962;0.357240496518744
25.97;1.5890910983394733;0.35067257616658665
26.055999999999997;1.599516820837049;0.3437805503349738
26.162999999999997;1.6177465596411214;0.33316677839310094
26.283;1.6450646319863504;0.3191737747427395
26.353;1.6641676161837116;0.31083801839700437
26.452999999999996;1.6969101051430973;0.2977370728490766
26.534;1.7269235277381916;0.2871951929956142
26.659;1.7800196644399957;0.27050538420356474
26.771;1.831916409288191;0.2558584693995117
26.918;1.893742473406306;0.2407663251762894
27.012999999999998;1.9311327983982176;0.2326938481818478
27.168;1.9863631818724918;0.22236389114561636
27.299;2.029582559251726;0.21547117601127883
27.400999999999996;2.0599211186996906;0.21122649825732984
27.525999999999996;2.095654729304242;0.20690992367587555
27.634999999999998;2.1281156037119575;0.20355484233837934
27.789;2.1717576994806125;0.199880156438248
27.930999999999997;2.2093766158917263;0.19769736542564012
28.058;2.239024674445912;0.19630167645021676
28.134;2.2542715968554523;0.19566439938434793
28.214;2.2700881478005956;0.19517418239315293
28.290999999999997;2.2839345646905223;0.1949088801991451
28.406999999999996;2.3017062053716146;0.1949660674168726
28.503;2.3150984059766078;0.19526470488327116
28.601999999999997;2.3280204412635337;0.1956428677343668
28.686;2.3382537190529646;0.19597777302276945
28.783;2.348959807841374;0.19641651336690452
28.876999999999995;2.356906917526259;0.19684072995461022
28.948999999999998;2.361058523448009;0.19718461714843996
29.052999999999997;2.36703939149357;0.197893299856903
29.150999999999996;2.3743648376774944;0.19903613571365394
29.287;2.3885971721708943;0.2014280407272009
29.400999999999996;2.4002312614767973;0.20339364180790484
29.503999999999998;2.410953801410203;0.20532374672134895
29.603;2.421808621863111;0.20724299779550295
29.729;2.4369595254065453;0.20990053305944836
29.845;2.4495804800029592;0.2121110090927232
29.955999999999996;2.4610521468110473;0.2141739696800283
30.064999999999998;2.4667959492865927;0.21519745817905742
30.156999999999996;2.4676078026114587;0.21533901198332983
30.290999999999997;2.4676162555083616;0.21535836199897304
30.409;2.4676156010550363;0.21537302118643792
30.512;2.4676160091343715;0.2153918627402881
30.628;2.4676245607906098;0.21540708549505883
30.751999999999995;2.46762176791885;0.2154256262744903
30.867999999999995;2.4671525673959693;0.21535732245412337
31.003999999999998;2.4607022482334027;0.2144155160375925
31.156999999999996;2.441900310356771;0.21337722342128992
31.268;2.418406110781984;0.21445368999816722
31.372;2.390251387163423;0.21653819359241236
31.497;2.348825948277579;0.22120283865369045
31.613999999999997;2.3012870688559834;0.22821738521492282
31.723;2.25101716403804;0.2370787651126732
31.893;2.169381813947975;0.2555635329461208
31.997999999999998;2.121226034210287;0.2701964144994102
32.083999999999996;2.0814642875298492;0.28501059805594614
32.165;2.0443723481684004;0.30121567530451937
32.253;2.006263120839593;0.3210084659941275
32.369;1.957106968818006;0.351184476801429
32.477;1.9146115466531635;0.38243675209486544
32.597;1.8697117256631426;0.4215179483151193
32.693999999999996;1.8357712972920845;0.45462615001891443
32.814;1.7943747454564563;0.497598762667736
32.942;1.751712156880742;0.5447242603821619
33.073;1.7085017113187304;0.5936514486742099
33.25;1.6508895038667173;0.6605455589670151
33.372;1.6114328641718316;0.7070372649507322
33.498;1.5706140372431119;0.7555408501023205
33.616;1.5337634564332052;0.7996354898925553
33.76;1.4879594082103407;0.854029158815222
33.849;1.4597537961807483;0.8877761439540613
33.966;1.4232348237783712;0.9331407131419763
34.068999999999996;1.391884471481185;0.9737483756156687
34.204;1.351550221503082;1.0281512087053257
34.32;1.3186079884231485;1.0750121466767435
34.421;1.2911244423672834;1.1164337804912137
34.534;1.2618230110238344;1.163713669493401
34.684;1.2248498116081754;1.228573332282548
34.848;1.1876670605336226;1.3010308515285194
34.945;1.1674941177580358;1.3448852011592878
35.059;1.1456319879842416;1.3971236527628885
35.181;1.1242169340331583;1.453953076913732
35.282;1.1075493732629533;1.5019970320807052
35.42;1.0863488500031089;1.5674074943085816
35.542;1.0688774185415528;1.625083260869326
35.693;1.0493541676327147;1.6981288534567298
35.81;1.0363733728951812;1.7543312411063092
35.91799999999999;1.0256631896884048;1.8072656913796155
36.065;1.0147128111361856;1.879147699616769
36.191;1.0087535377489762;1.940932556886227
36.333;1.0045865843077255;2.0114796241502635
36.45099999999999;1.0024778824441805;2.070234982914671
36.584;1.0016163949718495;2.1368413942124618
36.663;1.0019299629165626;2.1757102603256473
36.792;1.0035301579747056;2.239916625805393
36.879000000000005;1.0053489529760022;2.283270564122876
37.001999999999995;1.0087933203764448;2.3445051350039425
37.086;1.0116538153671646;2.38683056767461
37.25;1.0179115246540005;2.4679777363116147
37.44199999999999;1.0261297041548543;2.5635084558563155
37.604;1.0334358666748842;2.644605161021965
37.709999999999994;1.0378938085124614;2.6974961377118727
37.803;1.0412670945017481;2.7434221282562667
37.977000000000004;1.046519160880336;2.83036965163594
38.08;1.0486505177159777;2.8819761032949565
38.19;1.0496636855351968;2.937632889477193
38.309;1.049084070260414;2.9968514026674424
38.453;1.0464331381418899;3.0692085743029014
38.587;1.0406404422245126;3.1363467147306756
38.730000000000004;1.030506601636115;3.206846967370688
38.840999999999994;1.0193260035857143;3.2610908872682036
38.94;1.006670269405814;3.3091825275272173
39.03099999999999;0.9931448809216464;3.35313631823853
39.122;0.9781354052036719;3.3962595594606144
39.274;0.9484601606774364;3.466843135270976
39.417;0.9159854128282404;3.531122527928271
39.507999999999996;0.8934862497493268;3.570955703402118
39.608000000000004;0.8671948183236574;3.613387096352242
39.709999999999994;0.8395570353732751;3.654269163059397
39.83;0.8088270064327094;3.6964779532302927
39.967;0.7744851543359091;3.739595177970403
40.096999999999994;0.7441153761327562;3.7749059643759884
40.208;0.7185005748272181;3.804502347583575
40.32299999999999;0.6945851826044533;3.83252442986415
40.45099999999999;0.6701471846961182;3.8608543121015746
40.57599999999999;0.6478110827171311;3.8866538571505926
40.67;0.6326898105216725;3.9043379584213054
40.78399999999999;0.6138480689119656;3.926115611229979
40.907;0.5929404542887013;3.9483875838324423
41.036;0.5736625039926851;3.9673401503675567
41.158;0.5547528478903218;3.983922857537397
41.260999999999996;0.5393551598833976;3.996218910002004
41.379000000000005;0.5235428362838276;4.007591369897865
41.528999999999996;0.5061885025864467;4.01822309722413
41.67099999999999;0.4920056309427839;4.025608410769818
41.863;0.47155719654158196;4.034504401226769
41.988;0.4611856554021475;4.03827031401534
42.102000000000004;0.4523522948294814;4.041025158842554
42.209;0.4453375865602794;4.0428889104260355
42.346999999999994;0.43660008373864306;4.044809222237455
42.599000000000004;0.4349099515653659;4.045154354519681
42.753;0.43493799792368343;4.045160880023086
42.854;0.4349581194415945;4.045164598865408
42.974999999999994;0.43497878426267406;4.045165219783066
43.06699999999999;0.43499478574254463;4.045169217469156
43.17;0.4350166464871104;4.045173933807026
43.348;0.4350516619777261;4.045182692093012
43.458;0.43506999887721787;4.0451901687700085
43.587;0.43509312294911423;4.04519804742673
43.735;0.43512377773218613;4.045197772375522
43.840999999999994;0.43514726757575933;4.045204705924137
43.938;0.43516611179665526;4.045205993443564
44.078;0.43519220346599163;4.045212567335827
44.206;0.43684231534665097;4.044886505696765
44.28;0.44111231364673453;4.043987836967035
44.385999999999996;0.4514075827144593;4.041747577444396
44.486000000000004;0.4658775653337059;4.038963407648014
44.644999999999996;0.4965873630698147;4.034353281127064
44.778999999999996;0.5253073862680262;4.030406100529209
44.882999999999996;0.5481652462985992;4.026621445327612
45.015;0.5794702193224277;4.0196828131712605
45.102000000000004;0.6049226080814555;4.01246900863936
45.187;0.6314106872017922;4.0032477031491185
45.266999999999996;0.6590348508803101;3.990780003537652
45.39999999999999;0.7091448376714042;3.9624846695930045
45.477000000000004;0.7383955367628375;3.940552282897967
45.598;0.7833703349983434;3.8995827231050915
45.724000000000004;0.8261081079259337;3.8528104062835005
45.795;0.849007870716397;3.824576537163793
45.888000000000005;0.8766576536796095;3.787298963215534
46.012;0.9109563013303323;3.73498855913958
46.105000000000004;0.9344424113154186;3.694443920532908
46.191;0.9544808009793457;3.655996691666847
46.297;0.9771682131427564;3.6076429524792655
46.414;0.9994388572876105;3.5530983156996467
46.504999999999995;1.0150043530087771;3.5100314258424037
46.620999999999995;1.0321944700742829;3.455490867913045
46.724999999999994;1.0454300172292486;3.4057476153453377
46.831999999999994;1.0566909454219906;3.355081331755408
46.92999999999999;1.0654144107127281;3.307961859586019
47.059;1.0746170527687984;3.2455592148370362
47.163;1.080232650881649;3.1950665155685116
47.257000000000005;1.0840745990783622;3.1490757639314264
47.363;1.0869709180747573;3.095536271174748
47.449;1.0879921009851783;3.0528322348651424
47.545;1.088065712714365;3.0041628249891237
47.623999999999995;1.0874050934592832;2.964993806220039
47.730999999999995;1.0855988323979335;2.9113921999042964
47.861999999999995;1.0820802263042053;2.8458094764598925
47.988;1.077452469715267;2.782781162432043
48.072;1.0735417099474769;2.740797522562753
48.17699999999999;1.0677398221493744;2.6884713438280463
48.325;1.0584442552827962;2.6149122921908865
48.394999999999996;1.053634502179982;2.580180885011383
48.485;1.0471352268971605;2.535552829481655
48.626000000000005;1.0360721269858728;2.465807423325206
48.709;1.0289946532641234;2.4243187491419524
48.819;1.019139225465991;2.3706103557331746
48.897000000000006;1.0117415715849327;2.3322443007274214
49.009;1.000598256446724;2.2772846870140326
49.117000000000004;0.9894693500879425;2.2243908779990824
49.236000000000004;0.9770890612928663;2.1680882203264984
49.351;0.9643447628691293;2.114126421084917
49.446;0.9522447740121636;2.068684959407997
49.525999999999996;0.941292343059214;2.030057448582599
49.643;0.9243001505519356;1.9739373582684965
49.721999999999994;0.9121824346498327;1.936191737680516
49.831999999999994;0.8944124981446716;1.8839624499093945
49.937;0.8765504294425438;1.8353310082563137
50.081;0.8493114695306744;1.7698752941660454
50.172;0.8306216106701062;1.7281957042193195
50.248000000000005;0.8142793114740667;1.6937288264007015
50.349000000000004;0.7914691765111735;1.6483982338867753
50.43899999999999;0.7700152537775324;1.6081761558273182
50.541;0.7453990932324164;1.5638927645345209
50.66499999999999;0.7141646403426056;1.5097135506251778
50.778999999999996;0.6862407875823341;1.4632807689177307
50.894999999999996;0.6561402056217118;1.415509259512398
50.998999999999995;0.6279549321268433;1.3728389784694195
51.081;0.6051874014061869;1.339565839043169
51.161;0.5836368124722399;1.3088275870168526
51.286;0.5504083500684053;1.2636440589930902
51.422;0.5176140978839471;1.2203292674233022
51.532;0.492996978925386;1.1895580735024225
51.641999999999996;0.4693003030379381;1.160694490485615
51.751999999999995;0.44713089022213576;1.1342299435283993
51.870000000000005;0.42644926976980957;1.110256097477941
51.977000000000004;0.4082624886464649;1.0896039776839903
52.05799999999999;0.39524477167937555;1.0749907314095828
52.132000000000005;0.38373958700137106;1.0622281935598896
52.236000000000004;0.36952447543938627;1.0466035438612864
52.339;0.3557067214199527;1.0315792955046705
52.489000000000004;0.3373215377849605;1.011839163355482
52.565;0.3289346594854669;1.0028173326186958
52.644999999999996;0.3204760581324732;0.993739780025905
52.724000000000004;0.3125797824312023;0.9853520431119616
52.858000000000004;0.3001619177413551;0.972279763787361
52.980999999999995;0.28891780690736885;0.960506154419868
53.069;0.2824195845768984;0.9537219447380656
53.166;0.27528127515323714;0.9463402593736242
53.282;0.26607885878043547;0.9369996198253412
53.394000000000005;0.257582453601754;0.9284192136943282
53.528999999999996;0.24628133821233353;0.9168864731931403
53.649;0.23795200697535623;0.9083706392854127
53.742000000000004;0.23387484214195123;0.9043725605082379
53.846999999999994;0.22670482992763696;0.8975255864367117
53.926;0.2233514145178932;0.8943141872296365
54.051;0.2229096975253322;0.8938828510598961
54.143;0.2229061872619806;0.8938670782447022
54.245999999999995;0.22290504018687718;0.8938475756488978
54.358999999999995;0.22290212219821678;0.8938309701436274
54.495000000000005;0.22290118159386513;0.8938036015661518
54.608999999999995;0.22289640378485198;0.8937836950733447
54.718999999999994;0.22289275410527465;0.8937648404293526
54.858000000000004;0.2228890523594134;0.8937395220401042
54.959999999999994;0.22288315888931806;0.89372121243044
55.108999999999995;0.2228777435591164;0.8936952052655857
55.227000000000004;0.2228771490657886;0.8936735066424477
55.324;0.22287343211851707;0.8936582390796565
55.459;0.22643197921903638;0.8969758889167007
55.602000000000004;0.2432953340953295;0.9127545793268225
55.70399999999999;0.26151506448339223;0.9296781235708396
55.821;0.2860990809094556;0.9520835380255158
55.92099999999999;0.3128913080288256;0.976333646600317
56.039;0.34904911777268754;1.0087016695102802
56.178;0.39862395909732795;1.053321070306235
56.324;0.4519228430043601;1.103078466245304
56.435;0.49179711136931614;1.1418134184640951
56.528999999999996;0.5249745994516027;1.1753301157725775
56.605000000000004;0.5515892418179179;1.2032855668662725
56.706;0.585279452389082;1.2405661722275794
56.84;0.6287444142142671;1.2919584529049069
56.991;0.6749773830761199;1.3521576251251068
57.150999999999996;0.7201304158151411;1.4188063789775878
57.331;0.7657584553779594;1.4976698860539606
57.434;0.7887873917871177;1.5435427300632565
57.545;0.8117481320011682;1.5944419729367627
57.66799999999999;0.8347148207443528;1.651882937273171
57.766000000000005;0.8512147115206886;1.698292438824981
57.870999999999995;0.8672531766499532;1.748578688572184
57.962;0.8798937728719659;1.792456644890304
58.069;0.8938774456951706;1.8447729798855972
58.179;0.9070560161307873;1.8977514422442727
58.337;0.9250064855556791;1.9747416413675258
58.495999999999995;0.942612792109714;2.052760031940817
58.67699999999999;0.9625513124449266;2.140438994204317
58.872;0.9851380344570929;2.2350049222880033
58.998000000000005;1.0011519854840756;2.2956263610731074
